%YAML:1.0
sat: !!opencv-matrix
   rows: 255
   cols: 1
   dt: f
   data: [ 979313., 490095., 876., 1085., 13460., 24978., 22957., 43724.,
       93981., 99953., 88820., 168834., 187926., 116741., 133666.,
       124127., 85524., 139636., 180293., 130990., 101463., 163109.,
       150843., 76945., 150975., 262788., 195664., 101156., 96169.,
       48161., 229., 1435., 2336., 1655., 1284., 1196., 846., 543., 499.,
       440., 130., 11., 20., 20., 26., 54., 51., 36., 41., 22., 25., 48.,
       24., 0., 0., 0., 0., 0., 0., 0., 0., 0., 0., 0., 0., 0., 0., 0.,
       0., 0., 0., 0., 0., 0., 0., 0., 0., 0., 0., 0., 0., 0., 0., 0.,
       0., 0., 0., 0., 0., 0., 0., 0., 0., 0., 0., 0., 0., 0., 0., 0.,
       0., 0., 0., 0., 0., 0., 0., 0., 0., 0., 0., 0., 0., 0., 0., 0.,
       0., 0., 0., 0., 0., 0., 0., 0., 0., 0., 0., 0., 0., 0., 0., 0.,
       0., 0., 0., 0., 0., 0., 0., 0., 0., 0., 0., 0., 0., 0., 0., 0.,
       0., 0., 0., 0., 0., 0., 0., 0., 0., 0., 0., 0., 0., 0., 0., 0.,
       0., 0., 0., 0., 0., 0., 0., 0., 0., 0., 0., 0., 0., 0., 0., 0.,
       0., 0., 0., 0., 0., 0., 0., 0., 0., 0., 0., 0., 0., 0., 0., 0.,
       0., 0., 0., 0., 0., 0., 0., 0., 0., 0., 0., 0., 0., 0., 0., 0.,
       0., 0., 0., 0., 0., 0., 0., 0., 0., 0., 0., 0., 0., 0., 0., 0.,
       0., 0., 0., 0., 0., 0., 0., 0., 0., 0., 0., 0., 0., 0., 0., 0.,
       0., 0., 0., 0., 0., 0., 0., 0., 0., 0., 0. ]
hue: !!opencv-matrix
   rows: 180
   cols: 1
   dt: f
   data: [ 1032164., 516082., 0., 0., 0., 10., 20., 14., 9., 4., 0., 0.,
       0., 0., 0., 0., 0., 0., 0., 0., 0., 0., 0., 0., 0., 0., 0., 0.,
       0., 0., 0., 0., 0., 0., 0., 0., 0., 0., 0., 0., 0., 0., 0., 0.,
       0., 0., 0., 0., 0., 0., 0., 0., 0., 0., 0., 0., 0., 0., 0., 41.,
       82., 41., 0., 0., 0., 0., 0., 0., 0., 0., 0., 0., 0., 0., 152.,
       305., 152., 0., 0., 0., 0., 0., 0., 0., 0., 0., 0., 0., 0., 718.,
       1437., 718., 0., 0., 0., 0., 0., 0., 0., 0., 0., 0., 0., 0., 0.,
       0., 0., 0., 0., 0., 0., 0., 0., 0., 0., 0., 0., 0., 0., 0., 0.,
       0., 0., 0., 0., 0., 0., 0., 0., 0., 0., 0., 0., 0., 9., 18., 9.,
       0., 0., 0., 0., 0., 0., 0., 5., 10., 5., 0., 0., 53549., 107098.,
       53549., 0., 0., 0., 10114., 20229., 12305., 4382., 2203., 25.,
       1236., 2447., 1223., 511269., 1022538., 511269., 958., 1916.,
       15246., 28576., 14288., 132879., 265973., 133308., 214., 0., 0.,
       0., 0. ]
sth: 11.
hth: 4.
